0 0.741984 0.271172 0.061101 0.030796
0 0.739262 0.307314 0.055656 0.032934
0 0.742287 0.338965 0.055656 0.022669
0 0.745009 0.374893 0.061101 0.028657
0 0.742287 0.408255 0.049607 0.032934
0 0.742287 0.441189 0.049607 0.032934
0 0.737447 0.471129 0.058076 0.026946
0 0.740472 0.502994 0.064126 0.020530
0 0.740472 0.537853 0.064126 0.037211
0 0.734422 0.566938 0.058076 0.028657
0 0.730188 0.595808 0.055656 0.020530
0 0.742287 0.631950 0.055656 0.022669
0 0.737447 0.665740 0.058076 0.028657
0 0.734422 0.695894 0.064126 0.035073
0 0.735935 0.734816 0.067151 0.030796
0 0.735935 0.762618 0.067151 0.020530
0 0.737447 0.792344 0.064126 0.022669
0 0.735935 0.825706 0.067151 0.026946
0 0.256503 0.307314 0.070175 0.032934
0 0.263763 0.337896 0.072595 0.024808
0 0.260738 0.372113 0.072595 0.030796
0 0.257713 0.403122 0.072595 0.026946
0 0.259528 0.440975 0.070175 0.024808
0 0.256503 0.467921 0.064126 0.020530
0 0.252269 0.499786 0.055656 0.026946
0 0.252269 0.536997 0.055656 0.026946
0 0.254991 0.568862 0.067151 0.024808
0 0.253479 0.665954 0.058076 0.024808
0 0.258016 0.701027 0.061101 0.024808
0 0.253479 0.732891 0.064126 0.026946
0 0.256503 0.765825 0.070175 0.022669
0 0.258016 0.792344 0.061101 0.018392
0 0.256201 0.825706 0.075620 0.022669
