0 0.693587 0.288494 0.075620 0.028657
0 0.692377 0.319504 0.067151 0.024808
0 0.692377 0.425791 0.061101 0.022669
0 0.689353 0.455304 0.061101 0.028657
0 0.690865 0.485458 0.064126 0.030796
0 0.692680 0.514328 0.055656 0.022669
0 0.689655 0.548332 0.055656 0.024808
0 0.686630 0.587468 0.049607 0.032934
0 0.690865 0.619547 0.058076 0.022669
0 0.696612 0.720488 0.046582 0.026946
0 0.701149 0.748289 0.055656 0.016681
0 0.694192 0.778229 0.052632 0.018392
0 0.692680 0.810094 0.049607 0.020530
0 0.692680 0.845167 0.049607 0.024808
0 0.441924 0.284645 0.067151 0.032934
0 0.454628 0.318435 0.052632 0.022669
0 0.446158 0.354577 0.052632 0.020530
0 0.444646 0.386441 0.049607 0.022669
0 0.451906 0.521386 0.064126 0.020530
0 0.453418 0.551540 0.061101 0.022669
0 0.453418 0.582335 0.061101 0.026946
0 0.454930 0.619547 0.064126 0.026946
0 0.444344 0.649273 0.061101 0.024808
0 0.447671 0.684346 0.078645 0.024808
0 0.443436 0.716210 0.064126 0.022669
0 0.443134 0.750214 0.075620 0.024808
0 0.446461 0.782506 0.070175 0.026946
0 0.449183 0.816510 0.075620 0.024808
0 0.448881 0.849230 0.070175 0.032934
0 0.212946 0.285500 0.070175 0.043199
0 0.212946 0.322712 0.070175 0.026946
0 0.211434 0.352438 0.061101 0.020530
0 0.200847 0.394782 0.058076 0.039350
0 0.195100 0.590676 0.075620 0.030796
0 0.203872 0.626390 0.064126 0.028657
0 0.201452 0.655475 0.070175 0.028657
0 0.196915 0.683062 0.067151 0.030796
0 0.193890 0.714500 0.067151 0.026946
0 0.189353 0.746151 0.064126 0.028657
0 0.193890 0.779085 0.067151 0.028657
0 0.196915 0.810308 0.061101 0.016681
0 0.203872 0.841959 0.064126 0.026946
