0 0.460678 0.277160 0.075620 0.030796
0 0.457955 0.310308 0.070175 0.026946
0 0.454930 0.344311 0.070175 0.024808
0 0.458863 0.377246 0.061101 0.024808
0 0.456443 0.409966 0.067151 0.028657
0 0.457955 0.440975 0.064126 0.024808
0 0.454628 0.474123 0.052632 0.028657
0 0.454930 0.511121 0.064126 0.024808
0 0.459165 0.542985 0.055656 0.022669
0 0.453418 0.573139 0.061101 0.024808
0 0.458863 0.603721 0.061101 0.028657
0 0.452208 0.642002 0.052632 0.030796
0 0.454628 0.676861 0.046582 0.018392
0 0.456443 0.704876 0.061101 0.024808
0 0.451906 0.737810 0.058076 0.024808
0 0.460375 0.770744 0.064126 0.024808
0 0.453721 0.799615 0.055656 0.028657
0 0.456140 0.832763 0.055656 0.024808
0 0.215971 0.276091 0.064126 0.028657
0 0.212946 0.314585 0.064126 0.026946
0 0.221416 0.349230 0.070175 0.022669
0 0.214459 0.376176 0.067151 0.022669
0 0.212946 0.411249 0.070175 0.026946
0 0.211736 0.445252 0.055656 0.024808
0 0.212644 0.478186 0.052632 0.024808
0 0.212946 0.512190 0.064126 0.026946
0 0.211736 0.543413 0.055656 0.026946
0 0.214459 0.577203 0.067151 0.028657
0 0.215668 0.609923 0.052632 0.020530
0 0.206897 0.640077 0.058076 0.026946
0 0.207199 0.673011 0.052632 0.022669
0 0.211434 0.702737 0.067151 0.020530
0 0.212946 0.736099 0.058076 0.024808
0 0.208409 0.769675 0.061101 0.018392
0 0.211434 0.802609 0.067151 0.018392
0 0.209921 0.828700 0.058076 0.016681
