0 0.675741 0.273097 0.062916 0.032079
0 0.675439 0.303251 0.059891 0.029940
0 0.678161 0.338537 0.077435 0.035500
0 0.673321 0.374251 0.077435 0.033362
0 0.676951 0.409110 0.062916 0.032079
0 0.673926 0.440334 0.062916 0.027802
0 0.671204 0.768178 0.069570 0.029085
0 0.665457 0.803464 0.077435 0.023524
0 0.668179 0.834688 0.070780 0.034645
0 0.424682 0.275663 0.061706 0.032079
0 0.424985 0.309880 0.065941 0.032079
0 0.421355 0.343028 0.055051 0.026518
0 0.422263 0.368691 0.056866 0.029085
0 0.428312 0.404619 0.062916 0.029940
0 0.426800 0.436270 0.065941 0.022241
0 0.431639 0.469204 0.065941 0.025663
0 0.430127 0.503208 0.062916 0.024380
0 0.433152 0.537211 0.078645 0.025663
0 0.433152 0.572284 0.072595 0.022241
0 0.427707 0.600727 0.067756 0.027802
0 0.422565 0.637511 0.070780 0.032079
0 0.428615 0.671514 0.069570 0.029085
0 0.430127 0.702951 0.062916 0.032079
0 0.423472 0.729897 0.062916 0.023524
0 0.427707 0.766253 0.058076 0.031223
0 0.427707 0.797904 0.061706 0.023524
0 0.424985 0.828914 0.059891 0.029940
0 0.189655 0.280154 0.070780 0.029940
0 0.193285 0.310094 0.064731 0.029940
0 0.189958 0.341104 0.067756 0.027802
0 0.187840 0.376818 0.069570 0.025663
0 0.183908 0.404192 0.061706 0.029085
0 0.185118 0.440975 0.061706 0.029085
0 0.185118 0.477117 0.052027 0.038922
0 0.179976 0.507485 0.053842 0.035500
0 0.181186 0.539564 0.053842 0.027802
0 0.179976 0.569076 0.053842 0.031223
0 0.189958 0.605004 0.058076 0.034645
0 0.183606 0.639222 0.055051 0.020103
0 0.186025 0.674294 0.059891 0.027802
0 0.184815 0.700813 0.055051 0.023524
0 0.181186 0.734816 0.053842 0.026518
0 0.184211 0.768178 0.069570 0.033362
0 0.183303 0.794910 0.073805 0.024380
0 0.185723 0.831266 0.072595 0.027802
