0 0.763763 0.277160 0.075620 0.035073
0 0.765275 0.307100 0.072595 0.020530
0 0.763460 0.337254 0.058076 0.026946
0 0.765275 0.374893 0.072595 0.028657
0 0.766485 0.404833 0.058076 0.022669
0 0.764065 0.440120 0.064126 0.030796
0 0.767998 0.567793 0.067151 0.026946
0 0.762250 0.599872 0.078645 0.028657
0 0.771325 0.634089 0.078645 0.026946
0 0.765578 0.663601 0.067151 0.028657
0 0.766485 0.693541 0.064126 0.026946
0 0.769510 0.722412 0.064126 0.035073
0 0.769510 0.755560 0.058076 0.022669
0 0.771325 0.784217 0.055656 0.026946
0 0.772535 0.818221 0.058076 0.020530
0 0.494253 0.276091 0.084694 0.037211
0 0.496975 0.314585 0.067151 0.026946
0 0.502722 0.347519 0.072595 0.026946
0 0.496975 0.374038 0.067151 0.022669
0 0.496975 0.401839 0.061101 0.028657
0 0.498488 0.434987 0.058076 0.020530
0 0.501512 0.471985 0.070175 0.028657
0 0.501512 0.692472 0.058076 0.024808
0 0.498488 0.724337 0.064126 0.022669
0 0.500000 0.754277 0.061101 0.028657
0 0.504537 0.793627 0.058076 0.028657
0 0.500000 0.826561 0.067151 0.028657
0 0.228978 0.277160 0.061101 0.030796
0 0.232002 0.312233 0.061101 0.030796
0 0.226255 0.341959 0.055656 0.028657
0 0.230490 0.377246 0.064126 0.020530
0 0.228978 0.406972 0.061101 0.026946
0 0.230490 0.441189 0.058076 0.028657
0 0.230490 0.472198 0.058076 0.024808
0 0.232002 0.507057 0.067151 0.028657
0 0.232002 0.537853 0.067151 0.032934
0 0.228978 0.567793 0.061101 0.022669
0 0.234422 0.600727 0.061101 0.022669
0 0.235027 0.636014 0.067151 0.030796
0 0.235935 0.664885 0.064126 0.022669
0 0.231700 0.692686 0.055656 0.028657
0 0.236540 0.728614 0.070175 0.022669
