0 0.766788 0.498717 0.052632 0.024808
0 0.769812 0.534645 0.052632 0.030796
0 0.772535 0.568007 0.070175 0.030796
0 0.772535 0.599872 0.064126 0.028657
0 0.774047 0.628743 0.067151 0.024808
0 0.775257 0.657399 0.075620 0.024808
0 0.775560 0.690547 0.070175 0.028657
0 0.776770 0.725620 0.072595 0.028657
0 0.779794 0.759837 0.072595 0.026946
0 0.775560 0.792772 0.064126 0.026946
0 0.773745 0.818221 0.072595 0.020530
0 0.505747 0.277160 0.072595 0.030796
0 0.507562 0.310308 0.070175 0.026946
0 0.501512 0.344098 0.070175 0.028657
0 0.501512 0.371044 0.070175 0.028657
0 0.503025 0.401839 0.061101 0.028657
0 0.504537 0.437981 0.070175 0.030796
0 0.504537 0.466852 0.064126 0.026946
0 0.504537 0.498931 0.058076 0.028657
0 0.504537 0.532720 0.058076 0.022669
0 0.504537 0.563944 0.058076 0.026946
0 0.506050 0.597947 0.067151 0.024808
0 0.501512 0.629598 0.058076 0.030796
0 0.504537 0.663815 0.064126 0.024808
0 0.506050 0.693541 0.067151 0.026946
0 0.504537 0.724765 0.070175 0.026946
0 0.503025 0.754491 0.067151 0.024808
0 0.504537 0.788494 0.070175 0.026946
0 0.502722 0.818221 0.072595 0.024808
0 0.234725 0.270103 0.072595 0.032934
0 0.236237 0.308169 0.075620 0.026946
0 0.237750 0.340034 0.078645 0.024808
0 0.237750 0.371257 0.078645 0.024808
0 0.236540 0.406972 0.070175 0.026946
0 0.237447 0.437981 0.067151 0.030796
0 0.232910 0.469846 0.058076 0.028657
0 0.235935 0.502780 0.064126 0.028657
0 0.233515 0.530582 0.064126 0.022669
0 0.230188 0.566938 0.052632 0.032934
0 0.232002 0.599658 0.061101 0.020530
0 0.232002 0.630667 0.061101 0.028657
0 0.232002 0.660393 0.067151 0.030796
0 0.233515 0.693541 0.070175 0.026946
0 0.230490 0.724337 0.058076 0.022669
0 0.232002 0.754491 0.067151 0.024808
0 0.234422 0.785287 0.061101 0.024808
0 0.225953 0.820573 0.067151 0.032934
