0 0.707804 0.264542 0.067756 0.027802
0 0.709921 0.301112 0.065941 0.029940
0 0.711434 0.333618 0.061706 0.025663
0 0.707804 0.363986 0.067756 0.022241
0 0.711131 0.400128 0.064731 0.027802
0 0.714761 0.428785 0.059891 0.024380
0 0.711131 0.463430 0.064731 0.032079
0 0.708711 0.490376 0.069570 0.020958
0 0.709921 0.522455 0.065941 0.032079
0 0.705384 0.554534 0.062916 0.020103
0 0.707199 0.586399 0.072595 0.025663
0 0.707804 0.616339 0.067756 0.025663
0 0.707199 0.648845 0.078645 0.026518
0 0.710526 0.680710 0.069570 0.023524
0 0.703872 0.710436 0.059891 0.029085
0 0.710829 0.747006 0.067756 0.035500
0 0.707804 0.776091 0.067756 0.031223
0 0.709921 0.807314 0.081670 0.035500
0 0.445554 0.266253 0.059891 0.031223
0 0.443134 0.298332 0.064731 0.031223
0 0.441621 0.334046 0.061706 0.029085
0 0.445554 0.363772 0.069570 0.034645
0 0.443134 0.396920 0.064731 0.029940
0 0.447973 0.429855 0.070780 0.029085
0 0.445856 0.459795 0.072595 0.026518
0 0.443436 0.491660 0.067756 0.027802
0 0.444646 0.526305 0.058076 0.034645
0 0.442529 0.552181 0.069570 0.033362
0 0.443134 0.590248 0.064731 0.033362
0 0.440109 0.614628 0.064731 0.022241
0 0.445554 0.648417 0.069570 0.029940
0 0.445554 0.680068 0.069570 0.026518
0 0.444041 0.712147 0.062916 0.029940
0 0.440411 0.741660 0.061706 0.029085
0 0.438596 0.773952 0.067756 0.024380
0 0.444041 0.807742 0.062916 0.032079
0 0.177253 0.263901 0.058076 0.026518
0 0.180278 0.297476 0.058076 0.031223
0 0.181791 0.328486 0.064731 0.029085
0 0.176951 0.364200 0.070780 0.031223
0 0.179371 0.522027 0.059891 0.031223
0 0.178463 0.554962 0.058076 0.032079
0 0.176346 0.586826 0.065941 0.033362
0 0.176951 0.618050 0.070780 0.033362
0 0.181488 0.649487 0.056866 0.027802
0 0.179371 0.679641 0.059891 0.018820
0 0.183908 0.713003 0.061706 0.029940
0 0.179068 0.747434 0.061706 0.032079
0 0.180883 0.774380 0.078645 0.027802
0 0.180278 0.807742 0.077435 0.032079
