0 0.715971 0.439264 0.067151 0.024808
0 0.718996 0.466852 0.067151 0.026946
0 0.718996 0.497648 0.067151 0.022669
0 0.715971 0.533576 0.067151 0.028657
0 0.716878 0.565013 0.058076 0.024808
0 0.718996 0.598802 0.067151 0.030796
0 0.714459 0.629812 0.070175 0.026946
0 0.715668 0.661463 0.055656 0.028657
0 0.708409 0.691403 0.064126 0.022669
0 0.716878 0.723695 0.058076 0.024808
0 0.715971 0.819504 0.061101 0.030796
0 0.454930 0.273952 0.070175 0.028657
0 0.456443 0.309025 0.067151 0.028657
0 0.459468 0.340890 0.067151 0.030796
0 0.457350 0.374038 0.058076 0.022669
0 0.454628 0.405902 0.052632 0.024808
0 0.456140 0.437126 0.055656 0.024808
0 0.454930 0.468991 0.058076 0.018392
0 0.454930 0.500000 0.070175 0.030796
0 0.456140 0.538922 0.055656 0.030796
0 0.453721 0.567793 0.055656 0.026946
0 0.451906 0.603080 0.064126 0.035073
0 0.451906 0.629812 0.064126 0.026946
0 0.454930 0.660607 0.058076 0.026946
0 0.448881 0.690761 0.058076 0.024808
0 0.451906 0.721343 0.058076 0.028657
0 0.451906 0.755560 0.070175 0.022669
0 0.448881 0.785287 0.058076 0.024808
0 0.450393 0.819290 0.061101 0.026946
0 0.180883 0.272241 0.064126 0.037211
0 0.174834 0.310094 0.058076 0.035073
0 0.180883 0.432849 0.058076 0.024808
0 0.179673 0.469846 0.055656 0.028657
0 0.183908 0.501925 0.064126 0.026946
0 0.187840 0.534859 0.061101 0.026946
0 0.184815 0.564799 0.061101 0.028657
0 0.188143 0.596878 0.055656 0.022669
0 0.188143 0.628529 0.055656 0.032934
0 0.183303 0.724337 0.058076 0.022669
0 0.185118 0.757699 0.055656 0.022669
0 0.187840 0.786356 0.061101 0.022669
0 0.182396 0.820359 0.061101 0.024808
