0 0.909861 0.273311 0.048397 0.023952
0 0.906231 0.313088 0.045977 0.029940
0 0.901694 0.340890 0.044162 0.025663
0 0.903811 0.538494 0.036298 0.032506
0 0.907441 0.568007 0.039927 0.025663
0 0.907441 0.598375 0.039927 0.032506
0 0.906534 0.632378 0.038113 0.026946
0 0.902601 0.668092 0.042347 0.029940
0 0.906836 0.697177 0.042347 0.025663
0 0.906534 0.727759 0.038113 0.035500
0 0.902299 0.762404 0.026013 0.022669
0 0.908651 0.792985 0.033878 0.023952
0 0.902601 0.826347 0.033878 0.028229
0 0.820327 0.278229 0.033878 0.031223
0 0.822444 0.314371 0.038113 0.032506
0 0.819419 0.345595 0.032063 0.029940
0 0.820024 0.376818 0.038113 0.029940
0 0.822444 0.405047 0.038113 0.023952
0 0.821234 0.437981 0.032063 0.023952
0 0.819117 0.471343 0.036298 0.025663
0 0.819117 0.504491 0.036298 0.026946
0 0.817302 0.537425 0.039927 0.026946
0 0.819117 0.569504 0.039927 0.031223
0 0.816999 0.601155 0.056261 0.035500
0 0.816092 0.633875 0.045977 0.032506
0 0.816092 0.665312 0.042347 0.026946
0 0.817302 0.697605 0.039927 0.032506
0 0.727768 0.342601 0.054446 0.023952
0 0.730792 0.374679 0.048397 0.028229
0 0.728978 0.408255 0.039927 0.026946
0 0.723835 0.439264 0.038113 0.023952
0 0.726860 0.472626 0.044162 0.034217
0 0.725953 0.503208 0.042347 0.026946
0 0.727163 0.534431 0.048397 0.026946
0 0.730188 0.566724 0.042347 0.025663
0 0.725953 0.598589 0.042347 0.026946
0 0.728978 0.634731 0.052027 0.034217
0 0.726860 0.668520 0.044162 0.019675
0 0.727768 0.698460 0.045977 0.028229
0 0.727163 0.728400 0.036298 0.019675
0 0.725953 0.756630 0.042347 0.019675
0 0.725045 0.792985 0.044162 0.029940
0 0.728070 0.828486 0.038113 0.023952
0 0.641258 0.276305 0.045977 0.029940
0 0.640653 0.312233 0.048397 0.028229
0 0.641863 0.346450 0.054446 0.025663
0 0.637326 0.376176 0.050212 0.022669
0 0.635511 0.406544 0.050212 0.026946
0 0.636419 0.439692 0.052027 0.038494
0 0.635814 0.471343 0.042347 0.025663
0 0.638234 0.502566 0.039927 0.025663
0 0.643073 0.539136 0.049607 0.026946
0 0.638536 0.567793 0.046582 0.026946
0 0.638536 0.606074 0.052632 0.024808
0 0.640048 0.636869 0.055656 0.024808
0 0.641561 0.669162 0.052632 0.026946
0 0.641561 0.697819 0.046582 0.018392
0 0.643073 0.728614 0.049607 0.022669
0 0.640048 0.759837 0.043557 0.026946
0 0.633999 0.790205 0.043557 0.018392
0 0.637024 0.824423 0.049607 0.028657
0 0.550817 0.281223 0.046582 0.022669
0 0.550817 0.311377 0.046582 0.024808
0 0.549607 0.534859 0.038113 0.018392
0 0.552632 0.564585 0.038113 0.020530
0 0.549304 0.601796 0.049607 0.024808
0 0.549304 0.631950 0.049607 0.026946
0 0.551119 0.669162 0.058076 0.026946
0 0.548094 0.698674 0.058076 0.028657
0 0.552632 0.726476 0.061101 0.018392
0 0.548397 0.759837 0.052632 0.026946
0 0.548397 0.791702 0.052632 0.024808
0 0.548397 0.822498 0.052632 0.020530
0 0.464912 0.275021 0.061101 0.035073
0 0.467635 0.314585 0.043557 0.026946
0 0.460678 0.345381 0.040532 0.026946
0 0.459165 0.378315 0.043557 0.022669
0 0.459165 0.405902 0.055656 0.020530
0 0.457653 0.699957 0.052632 0.026946
0 0.457350 0.729683 0.058076 0.020530
0 0.457653 0.759410 0.052632 0.022669
0 0.458863 0.793413 0.061101 0.024808
0 0.458863 0.823567 0.061101 0.022669
0 0.371748 0.278229 0.067151 0.028657
0 0.369026 0.309453 0.055656 0.016681
0 0.371446 0.341104 0.043557 0.022669
0 0.372958 0.371899 0.040532 0.022669
0 0.369933 0.407186 0.040532 0.030796
0 0.371446 0.440975 0.049607 0.024808
0 0.368724 0.471129 0.038113 0.022669
0 0.371446 0.504063 0.049607 0.022669
0 0.369026 0.534859 0.049607 0.018392
0 0.367514 0.566724 0.046582 0.024808
0 0.367514 0.598589 0.046582 0.022669
0 0.366001 0.629598 0.049607 0.014542
0 0.368421 0.666595 0.043557 0.018392
0 0.362976 0.696749 0.049607 0.024808
0 0.362976 0.727545 0.043557 0.020530
0 0.364489 0.757699 0.052632 0.022669
0 0.361464 0.789350 0.046582 0.028657
0 0.364489 0.824636 0.052632 0.024808
0 0.280097 0.405261 0.064126 0.026946
0 0.282819 0.443969 0.046582 0.030796
