0 0.758016 0.273097 0.070175 0.026946
0 0.758016 0.311163 0.070175 0.032934
0 0.761041 0.345167 0.070175 0.030796
0 0.754991 0.378315 0.070175 0.026946
0 0.756201 0.407186 0.072595 0.030796
0 0.757713 0.441189 0.075620 0.028657
0 0.753479 0.474123 0.061101 0.028657
0 0.754991 0.507057 0.070175 0.028657
0 0.754991 0.539991 0.070175 0.028657
0 0.758016 0.572070 0.070175 0.026946
0 0.761041 0.602866 0.064126 0.022669
0 0.758016 0.632806 0.070175 0.028657
0 0.756503 0.665954 0.067151 0.020530
0 0.758016 0.699743 0.064126 0.030796
0 0.756503 0.728400 0.061101 0.030796
0 0.756201 0.760693 0.072595 0.028657
0 0.759226 0.794482 0.078645 0.026946
0 0.756503 0.831480 0.067151 0.030796
0 0.483969 0.276091 0.064126 0.028657
0 0.484271 0.306886 0.052632 0.028657
0 0.488203 0.341959 0.055656 0.032934
0 0.486691 0.375107 0.052632 0.024808
0 0.483969 0.408041 0.070175 0.024808
0 0.483969 0.440120 0.064126 0.035073
0 0.479431 0.475192 0.067151 0.030796
0 0.485783 0.508982 0.055656 0.020530
0 0.486993 0.540205 0.058076 0.024808
0 0.484271 0.568862 0.052632 0.020530
0 0.485783 0.603721 0.055656 0.028657
0 0.490018 0.637938 0.064126 0.026946
0 0.488506 0.669162 0.061101 0.026946
0 0.486993 0.700813 0.064126 0.028657
0 0.486993 0.730753 0.070175 0.026946
0 0.490018 0.760693 0.064126 0.028657
0 0.492438 0.794696 0.058076 0.030796
0 0.491228 0.829555 0.072595 0.026946
0 0.220206 0.273952 0.078645 0.028657
0 0.212946 0.310094 0.058076 0.035073
0 0.221416 0.349444 0.070175 0.030796
0 0.218693 0.382378 0.052632 0.035073
0 0.221416 0.636869 0.064126 0.024808
0 0.218391 0.670017 0.064126 0.028657
0 0.221416 0.699957 0.064126 0.022669
0 0.221416 0.728614 0.070175 0.022669
0 0.230490 0.763473 0.064126 0.030796
0 0.227465 0.793413 0.070175 0.024808
0 0.224440 0.826561 0.064126 0.028657
