0 0.721416 0.498717 0.061101 0.024808
0 0.720206 0.532720 0.052632 0.026946
0 0.722928 0.562660 0.070175 0.032934
0 0.722928 0.594739 0.064126 0.026946
0 0.722928 0.623396 0.058076 0.022669
0 0.725953 0.658469 0.070175 0.026946
0 0.730490 0.692686 0.061101 0.028657
0 0.728978 0.721343 0.070175 0.037211
0 0.730490 0.753208 0.061101 0.030796
0 0.727465 0.783362 0.061101 0.028657
0 0.727465 0.816296 0.067151 0.037211
0 0.456443 0.273952 0.067151 0.032934
0 0.461887 0.311163 0.067151 0.032934
0 0.459165 0.338109 0.072595 0.032934
0 0.460375 0.367836 0.064126 0.030796
0 0.457955 0.402908 0.064126 0.030796
0 0.461887 0.436912 0.061101 0.028657
0 0.459165 0.468991 0.072595 0.026946
0 0.457350 0.501711 0.058076 0.030796
0 0.456443 0.530582 0.061101 0.022669
0 0.460980 0.562874 0.070175 0.024808
0 0.460375 0.597733 0.058076 0.032934
0 0.458863 0.627673 0.061101 0.026946
0 0.458863 0.658469 0.061101 0.026946
0 0.460375 0.693755 0.064126 0.030796
0 0.460375 0.723268 0.064126 0.020530
0 0.457350 0.752139 0.058076 0.028657
0 0.454930 0.785073 0.064126 0.028657
0 0.457955 0.819290 0.064126 0.018392
0 0.186328 0.271814 0.064126 0.028657
0 0.190563 0.305175 0.072595 0.028657
0 0.192377 0.339820 0.070175 0.028657
0 0.192377 0.371044 0.070175 0.028657
0 0.189353 0.397562 0.070175 0.028657
0 0.190563 0.440975 0.072595 0.024808
0 0.190563 0.466852 0.072595 0.026946
0 0.190865 0.496792 0.061101 0.028657
0 0.188143 0.531651 0.055656 0.024808
0 0.192377 0.561805 0.058076 0.018392
0 0.186328 0.594739 0.064126 0.022669
0 0.187840 0.631950 0.067151 0.022669
0 0.186328 0.658469 0.064126 0.022669
0 0.190865 0.692472 0.067151 0.024808
0 0.192075 0.724337 0.075620 0.022669
0 0.192075 0.753422 0.075620 0.026946
