0 0.758318 0.278015 0.064731 0.043627
0 0.759831 0.310736 0.058076 0.031223
0 0.763158 0.341104 0.064731 0.032079
0 0.763158 0.376176 0.064731 0.035500
0 0.755596 0.399914 0.062916 0.029085
0 0.759831 0.434132 0.058076 0.029085
0 0.762250 0.470915 0.056866 0.026518
0 0.762250 0.502994 0.056866 0.026518
0 0.765275 0.533790 0.062916 0.029940
0 0.764065 0.566082 0.056866 0.023524
0 0.764368 0.604149 0.055051 0.027802
0 0.765880 0.634089 0.067756 0.032079
0 0.765578 0.665954 0.059891 0.029085
0 0.763158 0.697391 0.064731 0.032079
0 0.767090 0.724337 0.062916 0.023524
0 0.763763 0.756630 0.059891 0.025663
0 0.764973 0.786142 0.065941 0.026518
0 0.770720 0.819504 0.077435 0.026518
0 0.495463 0.280154 0.083485 0.029940
0 0.493648 0.312447 0.077435 0.027802
0 0.496975 0.343242 0.080460 0.032079
0 0.491531 0.375321 0.065941 0.024380
0 0.495463 0.404405 0.067756 0.032079
0 0.495160 0.440334 0.064731 0.023524
0 0.497883 0.474123 0.072595 0.031223
0 0.500000 0.504063 0.064731 0.023524
0 0.500605 0.532079 0.059891 0.026518
0 0.501815 0.565227 0.064731 0.023524
0 0.498790 0.601155 0.064731 0.035500
0 0.497580 0.630240 0.059891 0.031223
0 0.501815 0.663388 0.064731 0.033362
0 0.498488 0.693969 0.077435 0.020958
0 0.500302 0.724551 0.061706 0.026518
0 0.503327 0.755560 0.061706 0.020958
0 0.498488 0.786997 0.067756 0.026518
0 0.497883 0.823781 0.062916 0.029085
0 0.231397 0.278443 0.069570 0.033362
0 0.227163 0.306886 0.069570 0.027802
0 0.236237 0.338751 0.069570 0.029085
0 0.231700 0.370616 0.062916 0.031223
0 0.231700 0.403550 0.062916 0.027802
0 0.230792 0.436698 0.070780 0.029085
0 0.230188 0.469846 0.053842 0.024380
0 0.234422 0.502994 0.059891 0.026518
0 0.234725 0.533362 0.072595 0.026518
0 0.230792 0.569076 0.064731 0.035500
0 0.235632 0.605432 0.070780 0.035500
