0 0.781307 0.306459 0.085299 0.032079
0 0.784332 0.338323 0.081670 0.026518
0 0.784332 0.369119 0.081670 0.034217
0 0.783122 0.403550 0.075620 0.029512
0 0.779189 0.434132 0.062916 0.028229
0 0.780097 0.467494 0.061101 0.032506
0 0.781307 0.500214 0.058681 0.029512
0 0.780097 0.531437 0.061101 0.029512
0 0.784332 0.564799 0.052632 0.031223
0 0.779189 0.597519 0.071385 0.028229
0 0.778887 0.628743 0.067151 0.028229
0 0.781004 0.660393 0.071385 0.026518
0 0.781307 0.693114 0.067151 0.029512
0 0.781004 0.728186 0.062916 0.031223
0 0.779189 0.757699 0.062916 0.031223
0 0.780399 0.791061 0.065336 0.029512
0 0.777072 0.820145 0.067151 0.025235
0 0.506050 0.271600 0.067151 0.032506
0 0.504840 0.306459 0.073200 0.031223
0 0.239262 0.271814 0.067151 0.029512
0 0.235027 0.307100 0.067151 0.032506
0 0.243497 0.340676 0.075620 0.037211
0 0.242892 0.373610 0.069570 0.037211
0 0.242892 0.405261 0.061101 0.029512
0 0.244707 0.437126 0.061101 0.034217
0 0.243799 0.473482 0.062916 0.032506
0 0.244707 0.504705 0.073200 0.032506
0 0.241682 0.534217 0.075620 0.032506
0 0.237145 0.563944 0.062916 0.029512
0 0.235027 0.597733 0.067151 0.037211
0 0.239564 0.630667 0.071385 0.029512
0 0.236540 0.660393 0.065336 0.032506
0 0.235027 0.693114 0.067151 0.029512
0 0.232910 0.725406 0.071385 0.028229
0 0.238052 0.758554 0.073200 0.029512
0 0.239564 0.786784 0.071385 0.029512
0 0.240472 0.823995 0.073200 0.041488
