0 0.764065 0.275021 0.070175 0.030796
0 0.765578 0.309025 0.067151 0.028657
0 0.773745 0.341317 0.072595 0.035073
0 0.769510 0.628529 0.064126 0.028657
0 0.775560 0.658469 0.064126 0.026946
0 0.773745 0.694397 0.072595 0.028657
0 0.770720 0.726476 0.072595 0.022669
0 0.774047 0.759837 0.067151 0.026946
0 0.777072 0.792772 0.067151 0.026946
0 0.771022 0.821429 0.067151 0.026946
0 0.507260 0.275235 0.081670 0.022669
0 0.501512 0.306245 0.058076 0.030796
0 0.505747 0.346236 0.055656 0.032934
0 0.509982 0.376176 0.058076 0.026946
0 0.504537 0.406116 0.058076 0.028657
0 0.504537 0.436056 0.058076 0.026946
0 0.508469 0.473268 0.061101 0.026946
0 0.509982 0.504063 0.064126 0.026946
0 0.506957 0.531651 0.058076 0.024808
0 0.506050 0.568007 0.061101 0.030796
0 0.506050 0.604149 0.061101 0.037211
0 0.506050 0.634089 0.067151 0.026946
0 0.504537 0.664885 0.058076 0.026946
0 0.504537 0.693541 0.064126 0.026946
0 0.507562 0.726476 0.064126 0.022669
0 0.509982 0.758554 0.064126 0.028657
0 0.507562 0.792558 0.064126 0.030796
0 0.504537 0.827844 0.064126 0.026946
0 0.245009 0.270103 0.064126 0.028657
0 0.235027 0.303037 0.067151 0.028657
0 0.243497 0.341959 0.061101 0.032934
0 0.236540 0.373182 0.070175 0.028657
0 0.236540 0.408896 0.070175 0.030796
0 0.240472 0.440975 0.067151 0.024808
0 0.238959 0.474123 0.064126 0.032934
0 0.240472 0.502780 0.061101 0.028657
0 0.241984 0.538067 0.064126 0.020530
0 0.240472 0.568862 0.067151 0.024808
0 0.238959 0.600727 0.070175 0.022669
0 0.233515 0.634089 0.064126 0.026946
0 0.234422 0.667879 0.061101 0.028657
0 0.233515 0.695680 0.070175 0.022669
0 0.240169 0.729683 0.072595 0.024808
0 0.238959 0.754277 0.064126 0.012404
0 0.230188 0.790633 0.052632 0.026946
0 0.231700 0.825706 0.055656 0.026946
