0 0.714459 0.265825 0.070175 0.028657
0 0.712946 0.301112 0.067151 0.020530
0 0.712946 0.335115 0.067151 0.022669
0 0.714459 0.366980 0.064126 0.024808
0 0.721416 0.403122 0.067151 0.026946
0 0.719903 0.434987 0.058076 0.024808
0 0.722928 0.464713 0.070175 0.022669
0 0.718391 0.497648 0.061101 0.022669
0 0.718996 0.527802 0.067151 0.024808
0 0.717483 0.564799 0.064126 0.032934
0 0.715971 0.595595 0.067151 0.028657
0 0.715971 0.628743 0.067151 0.020530
0 0.721416 0.658469 0.067151 0.018392
0 0.719903 0.692472 0.064126 0.020530
0 0.721416 0.720488 0.061101 0.026946
0 0.718693 0.755560 0.049607 0.026946
0 0.713249 0.788494 0.055656 0.026946
0 0.714156 0.819290 0.052632 0.026946
0 0.451906 0.267964 0.058076 0.037211
0 0.450696 0.306245 0.055656 0.030796
0 0.446158 0.337040 0.052632 0.030796
0 0.450696 0.369119 0.055656 0.024808
0 0.448881 0.400984 0.058076 0.026946
0 0.446158 0.432849 0.052632 0.020530
0 0.447671 0.465783 0.055656 0.024808
0 0.447671 0.499786 0.055656 0.026946
0 0.450696 0.533790 0.055656 0.024808
0 0.450696 0.563944 0.055656 0.026946
0 0.445856 0.595808 0.058076 0.020530
0 0.445856 0.629812 0.058076 0.026946
0 0.448881 0.661463 0.064126 0.028657
0 0.454930 0.695466 0.058076 0.030796
0 0.447671 0.722412 0.055656 0.035073
0 0.443134 0.758554 0.052632 0.028657
0 0.447671 0.787211 0.055656 0.032934
0 0.447671 0.820573 0.055656 0.032934
0 0.188143 0.270103 0.055656 0.028657
0 0.186328 0.303037 0.058076 0.032934
0 0.186630 0.337254 0.052632 0.026946
0 0.183303 0.366980 0.058076 0.024808
0 0.186328 0.402908 0.064126 0.030796
0 0.187840 0.436056 0.061101 0.026946
0 0.189353 0.467707 0.070175 0.028657
0 0.187840 0.498717 0.061101 0.024808
0 0.187840 0.531009 0.061101 0.026946
0 0.184815 0.564799 0.061101 0.028657
0 0.186328 0.599872 0.064126 0.028657
0 0.186328 0.631737 0.058076 0.030796
0 0.186328 0.659324 0.058076 0.028657
0 0.186630 0.690761 0.052632 0.024808
0 0.189353 0.721343 0.058076 0.028657
0 0.189655 0.754277 0.046582 0.028657
0 0.183908 0.788494 0.064126 0.026946
0 0.189353 0.823567 0.058076 0.022669
