0 0.762553 0.272883 0.067151 0.030796
0 0.761041 0.305175 0.058076 0.028657
0 0.762250 0.338109 0.049607 0.032934
0 0.758016 0.372113 0.064126 0.030796
0 0.756806 0.405261 0.049607 0.026946
0 0.756806 0.439264 0.055656 0.024808
0 0.758318 0.465997 0.052632 0.032934
0 0.758016 0.499786 0.064126 0.026946
0 0.764065 0.533790 0.064126 0.024808
0 0.755293 0.568007 0.052632 0.035073
0 0.762250 0.600727 0.055656 0.026946
0 0.754991 0.631950 0.064126 0.026946
0 0.495463 0.273311 0.064126 0.035073
0 0.490926 0.310308 0.061101 0.026946
0 0.491531 0.342173 0.067151 0.024808
0 0.492438 0.374251 0.058076 0.030796
0 0.493950 0.408896 0.061101 0.030796
0 0.490926 0.437767 0.061101 0.043199
0 0.497278 0.471129 0.055656 0.022669
0 0.494253 0.507057 0.055656 0.032934
0 0.494253 0.536784 0.060496 0.034217
0 0.491833 0.563516 0.060496 0.022669
0 0.495160 0.596236 0.062311 0.025663
0 0.491228 0.629812 0.054446 0.026946
0 0.491833 0.662960 0.060496 0.034217
0 0.490623 0.724551 0.058076 0.032506
0 0.491228 0.756630 0.066546 0.025663
0 0.493950 0.788067 0.071990 0.031223
0 0.491228 0.822926 0.066546 0.029940
0 0.228070 0.272455 0.070175 0.036784
0 0.223230 0.307314 0.060496 0.035500
0 0.222928 0.340890 0.056261 0.025663
0 0.226860 0.369119 0.060496 0.025663
0 0.226860 0.403978 0.064126 0.026946
0 0.223835 0.440120 0.058076 0.025663
0 0.224743 0.500000 0.056261 0.025663
0 0.225045 0.534003 0.060496 0.031223
0 0.229885 0.566510 0.054446 0.031223
0 0.226860 0.597519 0.064126 0.028229
0 0.227768 0.632592 0.062311 0.029940
0 0.228070 0.661677 0.054446 0.028229
0 0.226860 0.692044 0.052027 0.029940
0 0.226860 0.725406 0.060496 0.025663
0 0.229885 0.756630 0.070175 0.025663
0 0.232002 0.790205 0.062311 0.026946
