0 0.498790 0.281223 0.074410 0.031223
0 0.497883 0.315227 0.064126 0.025663
0 0.506957 0.349016 0.066546 0.036784
0 0.501815 0.382806 0.068361 0.029940
0 0.505142 0.410180 0.058076 0.028229
0 0.502117 0.444397 0.064126 0.034217
0 0.497883 0.602652 0.060496 0.032506
0 0.496068 0.638580 0.064126 0.028229
0 0.499093 0.667451 0.058076 0.031223
0 0.499698 0.696322 0.064126 0.029940
0 0.499093 0.730325 0.070175 0.035500
0 0.497278 0.762618 0.066546 0.034217
0 0.498790 0.792130 0.062311 0.028229
0 0.500000 0.829983 0.068361 0.035500
0 0.234120 0.283790 0.070175 0.031223
0 0.231095 0.314585 0.064126 0.026946
0 0.227768 0.701454 0.062311 0.036784
0 0.228070 0.732036 0.066546 0.035500
0 0.235330 0.763259 0.060496 0.026946
0 0.234725 0.792772 0.064126 0.035500
0 0.231095 0.824636 0.064126 0.028229
0 0.771930 0.666382 0.058076 0.023952
0 0.766788 0.699743 0.056261 0.028229
0 0.768905 0.735244 0.052027 0.028229
0 0.772837 0.767322 0.056261 0.032506
0 0.768300 0.795766 0.066546 0.026946
0 0.772837 0.825492 0.068361 0.032506
