0 0.741077 0.393926 0.064126 0.029940
0 0.734725 0.426647 0.068361 0.026946
0 0.731700 0.457870 0.062311 0.026946
0 0.734725 0.496364 0.068361 0.026946
0 0.728978 0.618905 0.060496 0.034217
0 0.732607 0.654405 0.052027 0.028229
0 0.735632 0.686484 0.058076 0.023952
0 0.731095 0.714286 0.056261 0.025663
0 0.738959 0.816938 0.056261 0.032506
0 0.473987 0.266467 0.068361 0.029940
0 0.474894 0.301540 0.058076 0.029940
0 0.471869 0.332335 0.064126 0.025663
0 0.464610 0.365056 0.058076 0.031223
0 0.466122 0.397348 0.056261 0.028229
0 0.464610 0.431138 0.058076 0.029940
0 0.204779 0.262831 0.068361 0.031223
0 0.205082 0.302181 0.076225 0.031223
0 0.200847 0.329341 0.060496 0.025663
0 0.199940 0.364414 0.062311 0.029940
0 0.199637 0.397776 0.054446 0.025663
0 0.201754 0.431138 0.062311 0.029940
0 0.203569 0.465783 0.062311 0.028229
0 0.201754 0.499145 0.062311 0.029940
0 0.203872 0.530368 0.058076 0.029940
0 0.197822 0.560308 0.058076 0.029940
0 0.200847 0.589393 0.064126 0.025663
0 0.197217 0.625535 0.060496 0.026946
0 0.197822 0.654405 0.058076 0.028229
0 0.199637 0.687767 0.058076 0.021386
0 0.199032 0.718563 0.060496 0.025663
0 0.202662 0.751069 0.060496 0.025663
0 0.203872 0.782934 0.058076 0.026946
