0 0.676649 0.262618 0.071990 0.034217
0 0.677556 0.300043 0.066546 0.026946
0 0.675439 0.331480 0.062311 0.021386
0 0.679371 0.363559 0.070175 0.028229
0 0.683606 0.395423 0.058076 0.026946
0 0.683606 0.427930 0.066546 0.026946
0 0.686328 0.462789 0.071990 0.028229
0 0.683908 0.498289 0.062311 0.028229
0 0.680883 0.529726 0.056261 0.031223
0 0.680883 0.562447 0.068361 0.025663
0 0.682698 0.596236 0.068361 0.034217
0 0.683001 0.625535 0.060496 0.026946
0 0.686025 0.656758 0.066546 0.026946
0 0.684513 0.689264 0.056261 0.026946
0 0.416515 0.269675 0.062311 0.031223
0 0.415608 0.305817 0.060496 0.023952
0 0.415306 0.339820 0.071990 0.035500
0 0.413491 0.371899 0.068361 0.022669
0 0.410768 0.403978 0.066546 0.026946
0 0.414398 0.437981 0.058076 0.023952
0 0.411373 0.467707 0.064126 0.026946
0 0.412583 0.498503 0.058076 0.031223
0 0.413793 0.535287 0.060496 0.031223
0 0.413491 0.566724 0.056261 0.025663
0 0.415910 0.596450 0.068361 0.022669
0 0.418935 0.629598 0.062311 0.029940
0 0.418633 0.664671 0.066546 0.025663
0 0.418935 0.694825 0.062311 0.026946
0 0.416818 0.728828 0.066546 0.032506
0 0.421658 0.760479 0.060496 0.029940
0 0.416515 0.792130 0.074410 0.034217
0 0.412281 0.824850 0.078040 0.031223
0 0.149728 0.271172 0.074410 0.034217
0 0.149728 0.302823 0.062311 0.023952
0 0.140351 0.337682 0.064126 0.031223
0 0.150030 0.374038 0.066546 0.035500
0 0.148518 0.400342 0.071990 0.019675
0 0.149425 0.433704 0.070175 0.032506
0 0.145796 0.468563 0.070175 0.022669
0 0.149425 0.502566 0.070175 0.025663
0 0.151543 0.532934 0.062311 0.023952
0 0.148820 0.566296 0.064126 0.019675
0 0.151543 0.599658 0.062311 0.032506
0 0.149728 0.631309 0.062311 0.029940
0 0.147610 0.662960 0.058076 0.028229
0 0.148518 0.694397 0.056261 0.031223
0 0.149728 0.729897 0.062311 0.022669
0 0.147610 0.755774 0.058076 0.023952
0 0.150635 0.789136 0.060496 0.028229
0 0.156382 0.826989 0.071990 0.026946
