0 0.768905 0.276946 0.076225 0.031223
0 0.771930 0.310094 0.066546 0.029940
0 0.771022 0.342173 0.068361 0.028229
0 0.772232 0.371257 0.062311 0.023952
0 0.768905 0.404619 0.060496 0.034217
0 0.770115 0.434987 0.066546 0.023952
0 0.771022 0.474765 0.056261 0.032506
0 0.771930 0.506843 0.054446 0.028229
0 0.772837 0.532293 0.071990 0.022669
0 0.767695 0.564371 0.058076 0.026946
0 0.771022 0.601369 0.068361 0.032506
0 0.770720 0.631950 0.064126 0.022669
0 0.768300 0.662104 0.070175 0.023952
0 0.505142 0.340034 0.070175 0.029940
0 0.505747 0.371685 0.064126 0.019675
0 0.512402 0.407186 0.060496 0.028229
0 0.511192 0.435201 0.058076 0.026946
0 0.507260 0.474337 0.062311 0.034217
0 0.506050 0.505560 0.068361 0.025663
0 0.503932 0.534645 0.064126 0.029940
0 0.509377 0.565654 0.054446 0.035500
0 0.506957 0.605432 0.058076 0.026946
0 0.509982 0.634089 0.060496 0.026946
0 0.513007 0.665954 0.070175 0.025663
0 0.506957 0.695894 0.070175 0.025663
0 0.507260 0.728400 0.062311 0.028229
0 0.509377 0.758982 0.054446 0.026946
0 0.501210 0.791275 0.062311 0.032506
0 0.504235 0.821215 0.068361 0.032506
0 0.240169 0.274166 0.066546 0.034217
0 0.240169 0.308811 0.066546 0.029940
0 0.240169 0.340890 0.066546 0.025663
0 0.240169 0.372113 0.070175 0.025663
0 0.239867 0.404405 0.062311 0.031223
0 0.237750 0.439264 0.058076 0.023952
0 0.240169 0.470488 0.066546 0.023952
0 0.239867 0.500428 0.062311 0.023952
0 0.241379 0.536784 0.060496 0.025663
0 0.241379 0.564157 0.060496 0.023952
0 0.241984 0.601369 0.070175 0.029940
0 0.238052 0.631309 0.062311 0.029940
0 0.237750 0.663174 0.070175 0.022669
0 0.238355 0.692900 0.066546 0.025663
0 0.238959 0.724551 0.064126 0.032506
0 0.235330 0.758982 0.060496 0.026946
0 0.240169 0.791275 0.066546 0.032506
0 0.238052 0.828272 0.062311 0.035500
