0 0.680581 0.271600 0.071385 0.032506
0 0.678463 0.301540 0.067151 0.023952
0 0.680278 0.331052 0.067151 0.032506
0 0.685420 0.366766 0.077435 0.035500
0 0.682093 0.399914 0.067151 0.034217
0 0.680278 0.432849 0.067151 0.034217
0 0.680581 0.465355 0.071385 0.034217
0 0.678463 0.493798 0.075620 0.025235
0 0.679068 0.529299 0.073200 0.043199
0 0.405021 0.781437 0.075620 0.028229
0 0.398972 0.814799 0.067151 0.038494
0 0.138234 0.267109 0.058681 0.029512
0 0.141863 0.302181 0.073200 0.037211
0 0.140956 0.334046 0.071385 0.026518
0 0.138536 0.364628 0.071385 0.031223
0 0.144888 0.400770 0.075620 0.032506
0 0.140653 0.428785 0.067151 0.029512
0 0.136721 0.459367 0.071385 0.022241
0 0.139443 0.495723 0.073200 0.038494
