0 0.767695 0.642857 0.065336 0.032506
0 0.769812 0.671728 0.069570 0.025235
0 0.774652 0.702310 0.067151 0.032506
0 0.772837 0.733105 0.067151 0.032506
0 0.768300 0.766681 0.071385 0.025235
0 0.766485 0.800043 0.062916 0.035500
0 0.767393 0.828486 0.061101 0.026518
0 0.495765 0.289564 0.058681 0.038494
0 0.497883 0.321642 0.071385 0.034217
0 0.498790 0.351155 0.069570 0.028229
0 0.501512 0.385372 0.062916 0.028229
0 0.497883 0.420017 0.071385 0.032506
0 0.502117 0.451240 0.071385 0.032506
0 0.501210 0.481608 0.069570 0.034217
0 0.502722 0.512831 0.065336 0.028229
0 0.499698 0.541916 0.062916 0.026518
0 0.501815 0.572926 0.058681 0.029512
0 0.497883 0.607998 0.062916 0.031223
0 0.498790 0.642216 0.061101 0.031223
0 0.501815 0.671086 0.067151 0.032506
0 0.499395 0.701882 0.058681 0.026518
0 0.501815 0.735672 0.067151 0.028229
0 0.501210 0.764756 0.069570 0.017964
0 0.499698 0.795552 0.062916 0.026518
0 0.495765 0.832335 0.067151 0.034217
0 0.228978 0.285073 0.058681 0.035500
0 0.227768 0.323139 0.061101 0.037211
0 0.232002 0.352652 0.069570 0.019247
0 0.230792 0.381309 0.067151 0.029512
0 0.228978 0.418734 0.058681 0.032506
0 0.232910 0.451882 0.071385 0.031223
0 0.229583 0.480111 0.073200 0.025235
0 0.226558 0.513687 0.067151 0.038494
0 0.228978 0.544055 0.067151 0.028229
0 0.231095 0.578272 0.062916 0.034217
0 0.224743 0.605004 0.067151 0.031223
0 0.232305 0.644140 0.056866 0.032506
0 0.227768 0.795124 0.061101 0.034217
0 0.230792 0.835115 0.058681 0.031223
