0 0.715064 0.319076 0.065336 0.032506
0 0.719298 0.350941 0.065336 0.031223
0 0.719903 0.380667 0.062916 0.034217
0 0.718996 0.411035 0.052632 0.026518
0 0.716273 0.440120 0.062916 0.034217
0 0.715366 0.470060 0.061101 0.028229
0 0.713854 0.502994 0.062916 0.032506
0 0.712039 0.534431 0.062916 0.029512
0 0.713854 0.565868 0.079855 0.023952
0 0.719298 0.599872 0.077435 0.029512
0 0.712946 0.631523 0.069570 0.031223
0 0.713854 0.665098 0.071385 0.026518
0 0.713854 0.694183 0.062916 0.034217
0 0.712946 0.724551 0.073200 0.023952
0 0.714156 0.749145 0.075620 0.025235
0 0.713249 0.781437 0.065336 0.028229
0 0.716273 0.814799 0.062916 0.032506
0 0.446158 0.282934 0.061101 0.037211
0 0.447066 0.317793 0.062916 0.032506
0 0.445251 0.346450 0.062916 0.028229
0 0.444041 0.376818 0.056866 0.026518
0 0.448578 0.409538 0.052632 0.029512
0 0.448276 0.441617 0.056866 0.031223
0 0.447368 0.474123 0.075620 0.031223
0 0.446158 0.505560 0.069570 0.028229
0 0.442831 0.532934 0.062916 0.026518
0 0.449183 0.568007 0.067151 0.034217
0 0.446158 0.599230 0.069570 0.028229
0 0.443134 0.629384 0.067151 0.029512
0 0.443134 0.662104 0.067151 0.026518
0 0.441016 0.691831 0.071385 0.020958
0 0.448276 0.724551 0.085904 0.032506
0 0.447066 0.755346 0.062916 0.026518
0 0.442831 0.786784 0.071385 0.029512
0 0.447368 0.818862 0.067151 0.031223
0 0.179673 0.282934 0.065336 0.037211
0 0.180278 0.312447 0.062916 0.025235
0 0.178161 0.342387 0.058681 0.031223
0 0.184815 0.376390 0.075620 0.028229
0 0.183606 0.412532 0.081670 0.029512
0 0.173019 0.569504 0.056866 0.031223
0 0.175439 0.599016 0.065336 0.025235
0 0.179371 0.634731 0.061101 0.034217
0 0.178161 0.660393 0.058681 0.026518
0 0.179673 0.692472 0.065336 0.034217
0 0.182698 0.731822 0.071385 0.038494
