0 0.769208 0.276946 0.073200 0.037211
0 0.762250 0.339393 0.062916 0.025235
0 0.759831 0.371044 0.071385 0.035500
0 0.758923 0.403764 0.073200 0.023952
0 0.763158 0.437340 0.073200 0.037211
0 0.763158 0.470060 0.069570 0.028229
0 0.759831 0.497434 0.062916 0.038494
0 0.765275 0.530796 0.077435 0.028229
0 0.764973 0.563516 0.073200 0.031223
0 0.763460 0.590248 0.065336 0.022241
0 0.765578 0.621471 0.069570 0.040205
0 0.770417 0.662746 0.067151 0.037211
0 0.766183 0.693328 0.058681 0.026518
0 0.764065 0.721557 0.054446 0.026518
0 0.769510 0.753849 0.065336 0.029512
0 0.487901 0.275449 0.073200 0.034217
0 0.491228 0.308169 0.079855 0.031223
0 0.494555 0.341531 0.069570 0.029512
0 0.495765 0.372327 0.067151 0.029512
0 0.493345 0.408469 0.058681 0.023952
0 0.486388 0.434773 0.056866 0.029512
0 0.494555 0.470701 0.073200 0.035500
0 0.494858 0.505346 0.056866 0.031223
0 0.496975 0.535287 0.069570 0.031223
0 0.489413 0.563302 0.062916 0.028229
0 0.496673 0.596878 0.065336 0.029512
0 0.493648 0.626604 0.071385 0.023952
0 0.490321 0.655902 0.061101 0.029512
0 0.494858 0.688623 0.065336 0.032506
0 0.494555 0.717280 0.069570 0.023952
0 0.496370 0.746792 0.073200 0.023952
0 0.496370 0.780154 0.073200 0.028229
0 0.493648 0.814799 0.071385 0.032506
0 0.222626 0.275449 0.071385 0.034217
0 0.227768 0.312660 0.081670 0.028229
0 0.226558 0.339393 0.084090 0.031223
0 0.222626 0.370402 0.071385 0.028229
0 0.230792 0.405261 0.067151 0.029512
0 0.231095 0.434346 0.071385 0.025235
0 0.233817 0.469204 0.073200 0.026518
0 0.228675 0.501711 0.071385 0.032506
0 0.227768 0.535714 0.073200 0.029512
0 0.223230 0.565441 0.077435 0.026518
0 0.225650 0.597092 0.077435 0.023952
0 0.228675 0.628529 0.079855 0.031223
0 0.232002 0.659752 0.069570 0.025235
0 0.237145 0.690975 0.071385 0.025235
0 0.230188 0.722840 0.069570 0.026518
0 0.233817 0.751283 0.073200 0.020958
0 0.235027 0.784003 0.084090 0.023952
0 0.233212 0.818648 0.075620 0.028229
