0 0.493043 0.472198 0.062916 0.029085
0 0.488203 0.503849 0.072595 0.025663
0 0.491833 0.537211 0.073805 0.029940
0 0.494858 0.569076 0.072595 0.035500
0 0.490623 0.602438 0.067756 0.031223
0 0.491531 0.632592 0.075620 0.029085
0 0.491228 0.661677 0.072595 0.029940
0 0.493345 0.693969 0.069570 0.032079
0 0.495463 0.721129 0.073805 0.025663
0 0.492740 0.753636 0.065941 0.033362
0 0.487901 0.782720 0.065941 0.029085
0 0.493950 0.815868 0.070780 0.035500
0 0.218391 0.279940 0.061706 0.034645
0 0.223835 0.310094 0.062916 0.025663
0 0.222626 0.341745 0.052027 0.033362
0 0.221718 0.375749 0.050212 0.027802
0 0.224440 0.411035 0.058076 0.029085
0 0.221718 0.441403 0.065941 0.029940
0 0.222021 0.470488 0.056866 0.025663
0 0.222323 0.539350 0.059891 0.025663
0 0.222021 0.569504 0.062916 0.023524
0 0.228373 0.601369 0.065941 0.022241
0 0.227465 0.631950 0.061706 0.020958
0 0.227163 0.664671 0.069570 0.026518
0 0.223533 0.694397 0.065941 0.023524
0 0.228373 0.720915 0.065941 0.023524
