0 0.751361 0.281009 0.062916 0.025663
0 0.751361 0.309880 0.062916 0.020958
0 0.751059 0.342601 0.075620 0.025663
0 0.748639 0.375107 0.064731 0.026518
0 0.747429 0.405475 0.055051 0.022241
0 0.748941 0.439264 0.052027 0.025663
0 0.750151 0.471557 0.058076 0.023524
0 0.750756 0.503422 0.061706 0.029085
0 0.753781 0.534859 0.052027 0.020958
0 0.747429 0.563302 0.055051 0.022241
0 0.749244 0.600513 0.050212 0.029940
0 0.748034 0.630881 0.053842 0.029940
0 0.755596 0.667023 0.062916 0.031223
0 0.753176 0.692686 0.058076 0.031223
0 0.748639 0.724765 0.064731 0.024380
0 0.751966 0.752994 0.067756 0.027802
0 0.752571 0.786142 0.072595 0.022241
0 0.754688 0.821001 0.085299 0.034645
0 0.483364 0.276732 0.047187 0.029940
0 0.486086 0.315013 0.055051 0.038067
0 0.484574 0.340676 0.061706 0.024380
0 0.487296 0.371257 0.064731 0.029940
0 0.480339 0.401198 0.056866 0.025663
0 0.483364 0.436056 0.062916 0.027802
0 0.480339 0.465997 0.062916 0.027802
0 0.483061 0.505346 0.064731 0.031223
0 0.483666 0.537853 0.065941 0.024380
0 0.480339 0.568435 0.056866 0.025663
0 0.481549 0.722198 0.061706 0.034645
0 0.481246 0.753636 0.064731 0.022241
0 0.483666 0.784859 0.069570 0.029085
0 0.483364 0.817365 0.072595 0.029085
0 0.219601 0.279940 0.067756 0.032079
0 0.221416 0.314585 0.067756 0.020958
0 0.218996 0.346022 0.072595 0.026518
0 0.220206 0.374038 0.078645 0.020103
0 0.212946 0.406972 0.056866 0.034645
0 0.219601 0.441617 0.061706 0.023524
0 0.219903 0.472626 0.064731 0.025663
0 0.217483 0.500214 0.059891 0.020958
0 0.219903 0.532934 0.064731 0.025663
0 0.222323 0.566296 0.069570 0.025663
0 0.213249 0.720915 0.064731 0.020958
0 0.218088 0.753208 0.064731 0.025663
0 0.215668 0.783148 0.069570 0.025663
0 0.217483 0.820359 0.069570 0.022241
