0 0.709619 0.271600 0.061706 0.033362
0 0.708711 0.310094 0.050212 0.029940
0 0.708409 0.342387 0.062916 0.032079
0 0.707804 0.375962 0.061706 0.025663
0 0.705687 0.404833 0.059891 0.027802
0 0.711736 0.433918 0.069570 0.023524
0 0.712946 0.463858 0.064731 0.023524
0 0.714156 0.494440 0.070780 0.033362
0 0.711131 0.529512 0.064731 0.025663
0 0.708409 0.557956 0.062916 0.024380
0 0.710829 0.592601 0.067756 0.038067
0 0.712644 0.625321 0.058076 0.025663
0 0.717181 0.653550 0.070780 0.026518
0 0.713551 0.680282 0.065941 0.024380
0 0.714459 0.714500 0.061706 0.023524
0 0.718693 0.746578 0.073805 0.023524
0 0.710829 0.775021 0.067756 0.017964
0 0.715971 0.806031 0.070780 0.024380
0 0.440411 0.277374 0.067756 0.024380
