0 0.734120 0.274380 0.069570 0.032079
0 0.738355 0.310736 0.075620 0.031223
0 0.736540 0.345595 0.064731 0.029940
0 0.735330 0.374679 0.075620 0.029940
0 0.735935 0.406972 0.070780 0.027802
0 0.735632 0.435415 0.062916 0.029085
0 0.738657 0.461933 0.072595 0.022241
0 0.732305 0.494012 0.069570 0.025663
0 0.738959 0.526091 0.069570 0.029940
0 0.731700 0.559666 0.070780 0.027802
0 0.731700 0.595808 0.064731 0.029085
0 0.730188 0.621899 0.061706 0.029940
0 0.734120 0.654192 0.059891 0.023524
0 0.732305 0.680924 0.059891 0.029940
0 0.730490 0.713644 0.065941 0.024380
0 0.729280 0.744440 0.065941 0.027802
0 0.728675 0.774808 0.064731 0.020103
0 0.736237 0.805817 0.077435 0.026518
0 0.467937 0.273524 0.059891 0.023524
0 0.467937 0.305817 0.059891 0.025663
0 0.473079 0.340890 0.061706 0.033362
0 0.468240 0.372968 0.058076 0.026518
0 0.464307 0.399701 0.065941 0.024380
0 0.464307 0.437553 0.065941 0.029085
0 0.469752 0.469846 0.070780 0.024380
0 0.468542 0.498289 0.070780 0.029940
0 0.463097 0.530582 0.065941 0.023524
0 0.467030 0.561805 0.077435 0.027802
0 0.464307 0.590034 0.059891 0.024380
0 0.465517 0.620188 0.070780 0.022241
0 0.465215 0.655689 0.073805 0.026518
0 0.461283 0.681565 0.065941 0.020103
0 0.464912 0.711078 0.053842 0.023524
0 0.464610 0.748717 0.062916 0.027802
0 0.462795 0.774808 0.062916 0.020103
0 0.462190 0.808811 0.061706 0.029940
0 0.208711 0.274380 0.061706 0.034645
0 0.218391 0.307314 0.061706 0.024380
0 0.211434 0.342387 0.053842 0.032079
0 0.202964 0.376818 0.059891 0.029940
0 0.211131 0.403122 0.056866 0.024380
0 0.210526 0.439050 0.067756 0.032079
0 0.210224 0.469418 0.064731 0.027802
0 0.203872 0.494012 0.061706 0.025663
0 0.205082 0.527588 0.056866 0.031223
0 0.209316 0.556245 0.056866 0.023524
0 0.206897 0.594525 0.067756 0.029085
0 0.213249 0.628101 0.064731 0.020103
0 0.210829 0.654192 0.059891 0.023524
0 0.213551 0.685201 0.058076 0.018820
0 0.209014 0.714286 0.049002 0.025663
0 0.213551 0.748717 0.067756 0.027802
0 0.213551 0.781437 0.061706 0.022241
0 0.211131 0.810094 0.072595 0.029940
