0 0.667877 0.273952 0.072595 0.042344
0 0.666364 0.305389 0.075620 0.029940
0 0.665154 0.335329 0.064731 0.033362
0 0.663037 0.368263 0.062916 0.026518
0 0.666667 0.397348 0.073805 0.026518
0 0.661222 0.434132 0.072595 0.029085
0 0.663037 0.688837 0.072595 0.034645
0 0.662129 0.714072 0.086509 0.027802
0 0.662734 0.746578 0.075620 0.020958
0 0.663339 0.773311 0.069570 0.018820
0 0.659105 0.809666 0.064731 0.029085
0 0.398367 0.273097 0.053842 0.032079
0 0.395342 0.303251 0.065941 0.029940
0 0.395342 0.337468 0.059891 0.029085
0 0.396552 0.370616 0.065941 0.031223
0 0.395947 0.400342 0.070780 0.029940
0 0.395039 0.433490 0.062916 0.032079
0 0.395342 0.465783 0.059891 0.029940
0 0.389897 0.497220 0.064731 0.034645
0 0.396854 0.528229 0.072595 0.029940
0 0.393527 0.559239 0.065941 0.032079
0 0.398367 0.590462 0.069570 0.027802
0 0.394434 0.619547 0.073805 0.027802
0 0.395342 0.652267 0.065941 0.033362
0 0.390502 0.678571 0.069570 0.027802
0 0.390502 0.714713 0.069570 0.029085
0 0.390805 0.773524 0.056866 0.023524
0 0.395342 0.810308 0.069570 0.024380
0 0.130672 0.273738 0.062916 0.033362
