0 0.721416 0.286356 0.061101 0.028657
0 0.456443 0.286356 0.061101 0.028657
0 0.457955 0.321429 0.070175 0.032934
0 0.462190 0.352438 0.072595 0.020530
0 0.463400 0.383447 0.070175 0.032934
0 0.463400 0.414457 0.070175 0.020530
0 0.457955 0.445038 0.070175 0.028657
0 0.466425 0.481180 0.070175 0.030796
0 0.462190 0.511976 0.072595 0.030796
0 0.459468 0.543199 0.067151 0.030796
0 0.459165 0.574209 0.072595 0.026946
0 0.457955 0.606074 0.070175 0.024808
0 0.457955 0.637725 0.064126 0.030796
0 0.456443 0.673011 0.067151 0.026946
0 0.457955 0.698674 0.064126 0.028657
0 0.459468 0.728614 0.067151 0.022669
0 0.457955 0.759837 0.070175 0.026946
0 0.457955 0.794696 0.070175 0.030796
0 0.457955 0.826561 0.070175 0.032934
0 0.193890 0.285287 0.067151 0.030796
0 0.191168 0.321429 0.055656 0.028657
0 0.187840 0.351369 0.061101 0.026946
0 0.192377 0.383447 0.058076 0.028657
0 0.192680 0.415526 0.052632 0.022669
0 0.186328 0.447177 0.058076 0.032934
0 0.190865 0.479042 0.067151 0.030796
0 0.193587 0.513045 0.072595 0.028657
0 0.192377 0.542130 0.064126 0.028657
0 0.189353 0.576133 0.064126 0.030796
0 0.189353 0.612275 0.064126 0.032934
0 0.190865 0.639008 0.067151 0.020530
0 0.189353 0.667023 0.064126 0.026946
0 0.193890 0.701027 0.061101 0.024808
0 0.193890 0.729470 0.061101 0.028657
0 0.192377 0.759624 0.064126 0.030796
0 0.194192 0.793627 0.055656 0.028657
0 0.193890 0.825492 0.061101 0.030796
