0 0.717483 0.285928 0.067756 0.035500
0 0.713249 0.313944 0.062916 0.033362
0 0.716576 0.347733 0.065941 0.029940
0 0.717181 0.375321 0.064731 0.031223
0 0.716878 0.406544 0.072595 0.024380
0 0.717483 0.439264 0.061706 0.029940
0 0.716878 0.474551 0.056866 0.032079
0 0.724138 0.505346 0.062916 0.024380
0 0.719601 0.534217 0.069570 0.026518
0 0.721416 0.565868 0.059891 0.029085
0 0.718088 0.600086 0.056866 0.033362
0 0.721113 0.629170 0.062916 0.033362
0 0.722021 0.659538 0.064731 0.029940
0 0.722323 0.687981 0.061706 0.024380
0 0.723533 0.719846 0.061706 0.029940
0 0.720508 0.753636 0.061706 0.022241
0 0.722021 0.785500 0.064731 0.034645
0 0.724440 0.819504 0.065941 0.026518
0 0.455233 0.284003 0.065941 0.033362
0 0.453418 0.315654 0.075620 0.025663
0 0.456443 0.344525 0.065941 0.027802
0 0.456745 0.377246 0.062916 0.026518
0 0.454325 0.499786 0.067756 0.020103
0 0.454628 0.535928 0.064731 0.025663
0 0.455233 0.570359 0.059891 0.032079
0 0.455233 0.600513 0.065941 0.025663
0 0.457350 0.629598 0.067756 0.029940
0 0.455535 0.661463 0.073805 0.024380
0 0.454930 0.692472 0.062916 0.026518
0 0.454930 0.722840 0.056866 0.029085
0 0.456443 0.756843 0.059891 0.023524
0 0.460678 0.786997 0.064731 0.033362
0 0.450091 0.821642 0.062916 0.026518
0 0.193890 0.282079 0.065941 0.032079
0 0.193890 0.316724 0.065941 0.027802
0 0.190563 0.782079 0.072595 0.023524
0 0.190563 0.817579 0.072595 0.020958
