0 0.504537 0.445038 0.070175 0.032934
0 0.504537 0.477117 0.064126 0.026946
0 0.503025 0.508340 0.061101 0.026946
0 0.504537 0.541061 0.064126 0.030796
0 0.501512 0.575064 0.070175 0.028657
0 0.503025 0.605860 0.067151 0.032934
0 0.501512 0.638794 0.064126 0.032934
0 0.503025 0.672797 0.061101 0.030796
0 0.503025 0.702096 0.067151 0.026946
0 0.506050 0.734816 0.067151 0.030796
0 0.503025 0.767750 0.061101 0.030796
0 0.503025 0.800898 0.061101 0.026946
0 0.498488 0.829555 0.058076 0.026946
0 0.234422 0.278229 0.061101 0.028657
0 0.234422 0.313302 0.061101 0.028657
0 0.237750 0.344098 0.072595 0.028657
0 0.234422 0.379384 0.061101 0.024808
0 0.229280 0.409966 0.055656 0.028657
0 0.227465 0.442258 0.064126 0.035073
0 0.230490 0.478400 0.058076 0.032934
0 0.233515 0.511121 0.064126 0.024808
0 0.232910 0.541275 0.058076 0.026946
