0 0.715668 0.500000 0.072595 0.035073
0 0.717483 0.533790 0.064126 0.024808
0 0.715971 0.560736 0.061101 0.024808
0 0.715971 0.594739 0.061101 0.026946
0 0.715668 0.631950 0.055656 0.026946
0 0.717181 0.661463 0.052632 0.028657
0 0.722928 0.692686 0.058076 0.028657
0 0.721718 0.722626 0.055656 0.026946
0 0.724440 0.752139 0.061101 0.028657
0 0.718391 0.784431 0.061101 0.030796
0 0.719903 0.811163 0.058076 0.022669
0 0.453116 0.281437 0.078645 0.039350
0 0.454628 0.314157 0.075620 0.022669
0 0.456443 0.343242 0.067151 0.026946
0 0.456443 0.373182 0.067151 0.032934
0 0.453116 0.408041 0.072595 0.024808
0 0.456140 0.437126 0.072595 0.024808
0 0.456140 0.468991 0.049607 0.022669
0 0.456443 0.501711 0.061101 0.030796
0 0.451906 0.534859 0.064126 0.026946
0 0.456443 0.563944 0.067151 0.026946
0 0.457955 0.596878 0.064126 0.026946
0 0.453721 0.692472 0.055656 0.024808
0 0.451906 0.720488 0.058076 0.018392
0 0.450393 0.750214 0.061101 0.024808
0 0.454930 0.780368 0.070175 0.026946
0 0.453418 0.817365 0.061101 0.035073
0 0.182396 0.277160 0.067151 0.035073
0 0.182396 0.314585 0.061101 0.026946
0 0.189353 0.346236 0.070175 0.028657
0 0.189655 0.378315 0.052632 0.026946
0 0.186630 0.412104 0.046582 0.028657
0 0.186328 0.440120 0.064126 0.030796
0 0.189353 0.473268 0.064126 0.026946
0 0.189353 0.504063 0.064126 0.018392
0 0.187840 0.531009 0.067151 0.026946
0 0.186328 0.564585 0.058076 0.020530
0 0.185118 0.595808 0.055656 0.024808
0 0.187840 0.631950 0.067151 0.026946
0 0.187840 0.662532 0.061101 0.030796
0 0.187840 0.693541 0.067151 0.026946
0 0.189353 0.721557 0.058076 0.020530
0 0.189353 0.752139 0.058076 0.032934
0 0.192377 0.783362 0.064126 0.032934
0 0.186328 0.817365 0.064126 0.030796
