0 0.793103 0.353721 0.060496 0.025663
0 0.791289 0.386228 0.064126 0.025663
0 0.786449 0.417451 0.066546 0.028229
0 0.788264 0.453807 0.058076 0.038494
0 0.785239 0.482036 0.052027 0.029940
0 0.785844 0.516681 0.045977 0.028229
0 0.786449 0.548760 0.054446 0.032506
0 0.788264 0.582121 0.058076 0.028229
0 0.785844 0.613986 0.058076 0.026946
0 0.790079 0.644996 0.058076 0.023952
0 0.786146 0.677716 0.050212 0.026946
0 0.785239 0.708512 0.060496 0.031223
0 0.782214 0.740804 0.058076 0.028229
0 0.788264 0.773738 0.058076 0.025663
0 0.790079 0.804962 0.066546 0.025663
0 0.782214 0.836826 0.070175 0.026946
0 0.517846 0.285500 0.076225 0.031223
0 0.519056 0.319504 0.070175 0.019675
0 0.521779 0.352010 0.084090 0.028229
0 0.513309 0.384089 0.062311 0.023952
0 0.513914 0.415954 0.056261 0.031223
0 0.508772 0.451454 0.058076 0.031223
0 0.517241 0.485458 0.066546 0.028229
0 0.511797 0.513259 0.064126 0.023952
0 0.510889 0.541702 0.062311 0.026946
0 0.512099 0.577630 0.071990 0.031223
0 0.513007 0.613986 0.070175 0.026946
0 0.512099 0.647562 0.068361 0.025663
0 0.509679 0.672797 0.071990 0.019675
0 0.507864 0.708939 0.068361 0.026946
0 0.511192 0.743798 0.070175 0.028229
0 0.507864 0.773097 0.071990 0.026946
0 0.509377 0.800684 0.066546 0.019675
0 0.509982 0.833618 0.076225 0.025663
0 0.243799 0.283362 0.070175 0.026946
0 0.240774 0.315654 0.076225 0.032506
0 0.237145 0.354149 0.060496 0.032506
0 0.243194 0.381309 0.060496 0.026946
0 0.243799 0.415312 0.058076 0.032506
0 0.242892 0.449530 0.068361 0.029940
0 0.244404 0.483319 0.066546 0.029940
0 0.245009 0.513045 0.060496 0.026946
0 0.243194 0.543841 0.064126 0.031223
0 0.240169 0.571856 0.058076 0.028229
0 0.240774 0.612703 0.064126 0.035500
0 0.237145 0.644354 0.060496 0.031223
0 0.238959 0.735458 0.060496 0.031223
0 0.237750 0.772883 0.058076 0.029940
0 0.241379 0.803678 0.060496 0.028229
0 0.237750 0.835757 0.058076 0.029940
