0 0.740472 0.267964 0.058076 0.028657
0 0.741984 0.303892 0.061101 0.022669
0 0.742287 0.334046 0.055656 0.024808
0 0.740472 0.368905 0.064126 0.032934
0 0.740472 0.398845 0.064126 0.022669
0 0.743497 0.429855 0.070175 0.030796
0 0.743497 0.468777 0.064126 0.035073
0 0.743497 0.500642 0.058076 0.028657
0 0.743497 0.525663 0.064126 0.024808
0 0.740472 0.558597 0.064126 0.024808
0 0.740472 0.595808 0.058076 0.024808
0 0.740472 0.624465 0.058076 0.020530
0 0.743497 0.655475 0.064126 0.032934
0 0.743497 0.688409 0.064126 0.028657
0 0.743497 0.722626 0.058076 0.026946
0 0.740472 0.751283 0.070175 0.026946
0 0.746521 0.786356 0.070175 0.026946
0 0.746521 0.817365 0.070175 0.035073
0 0.476709 0.268178 0.072595 0.024808
0 0.475197 0.300043 0.075620 0.022669
0 0.475499 0.333832 0.070175 0.032934
0 0.478524 0.368905 0.070175 0.028657
0 0.480944 0.399914 0.064126 0.024808
0 0.477011 0.433918 0.067151 0.026946
0 0.476709 0.465783 0.055656 0.020530
0 0.481246 0.495937 0.052632 0.026946
0 0.473987 0.526732 0.067151 0.022669
0 0.474894 0.562874 0.058076 0.024808
0 0.472474 0.590462 0.058076 0.022669
0 0.470962 0.625535 0.061101 0.026946
0 0.475499 0.657613 0.064126 0.028657
0 0.475197 0.687553 0.052632 0.018392
0 0.472474 0.723695 0.070175 0.024808
0 0.478524 0.756630 0.070175 0.024808
0 0.476709 0.786356 0.072595 0.026946
0 0.475197 0.823567 0.075620 0.026946
0 0.204174 0.269033 0.081670 0.030796
0 0.204174 0.306245 0.075620 0.030796
0 0.209921 0.332977 0.070175 0.022669
0 0.205384 0.366766 0.061101 0.032934
0 0.208409 0.401839 0.061101 0.032934
0 0.209921 0.434987 0.064126 0.024808
0 0.206897 0.466638 0.064126 0.030796
0 0.208409 0.498717 0.067151 0.020530
0 0.205687 0.526732 0.055656 0.026946
0 0.211434 0.560522 0.067151 0.028657
0 0.207199 0.596878 0.052632 0.026946
0 0.208409 0.629812 0.061101 0.026946
0 0.209921 0.660393 0.064126 0.030796
0 0.203872 0.690547 0.064126 0.032934
0 0.201452 0.723482 0.064126 0.028657
0 0.203872 0.759624 0.058076 0.030796
0 0.208711 0.783148 0.055656 0.024808
0 0.208711 0.816296 0.049607 0.032934
