0 0.721416 0.277160 0.067151 0.030796
0 0.721416 0.313302 0.067151 0.028657
0 0.722928 0.346236 0.058076 0.028657
0 0.724440 0.375962 0.061101 0.030796
0 0.728978 0.406972 0.058076 0.026946
0 0.730490 0.437126 0.067151 0.024808
0 0.722928 0.467707 0.064126 0.028657
0 0.728978 0.502780 0.058076 0.028657
0 0.727768 0.537853 0.055656 0.028657
0 0.725953 0.569932 0.070175 0.022669
0 0.730490 0.602866 0.067151 0.026946
0 0.724440 0.633020 0.061101 0.024808
0 0.722928 0.664885 0.070175 0.022669
0 0.725953 0.694397 0.064126 0.028657
0 0.724440 0.726476 0.067151 0.022669
0 0.732002 0.756630 0.070175 0.024808
0 0.727163 0.791702 0.072595 0.024808
0 0.727163 0.822498 0.072595 0.024808
0 0.459468 0.280368 0.067151 0.037211
0 0.461887 0.314371 0.067151 0.030796
0 0.463400 0.344098 0.070175 0.028657
0 0.463400 0.373182 0.070175 0.028657
0 0.460375 0.405261 0.064126 0.026946
0 0.457955 0.436056 0.064126 0.022669
0 0.460375 0.471985 0.058076 0.028657
0 0.461887 0.506202 0.061101 0.026946
0 0.462190 0.536997 0.055656 0.026946
0 0.463400 0.567793 0.058076 0.022669
0 0.457350 0.598589 0.058076 0.022669
0 0.459165 0.634944 0.049607 0.028657
0 0.460375 0.666595 0.058076 0.018392
0 0.464912 0.698888 0.061101 0.024808
0 0.460980 0.726689 0.070175 0.014542
0 0.457653 0.753422 0.075620 0.026946
0 0.460678 0.788494 0.075620 0.026946
0 0.458863 0.822284 0.090139 0.028657
0 0.193587 0.269247 0.072595 0.026946
0 0.195402 0.311377 0.064126 0.024808
0 0.198427 0.341104 0.064126 0.022669
0 0.195705 0.366980 0.052632 0.020530
0 0.197217 0.401839 0.055656 0.028657
0 0.195705 0.442258 0.052632 0.035073
0 0.192680 0.473054 0.052632 0.030796
0 0.195402 0.600727 0.064126 0.022669
0 0.193890 0.630667 0.061101 0.016681
0 0.198427 0.663815 0.064126 0.024808
0 0.198125 0.699957 0.052632 0.022669
0 0.193890 0.730539 0.061101 0.030796
0 0.199637 0.757699 0.072595 0.022669
0 0.196915 0.782079 0.067151 0.022669
0 0.198125 0.820145 0.075620 0.028657
