0 0.703872 0.407186 0.067151 0.035073
0 0.703872 0.439264 0.067151 0.024808
0 0.703872 0.471129 0.061101 0.026946
0 0.700847 0.508340 0.061101 0.026946
0 0.700847 0.534003 0.061101 0.032934
0 0.708409 0.568648 0.064126 0.028657
0 0.702359 0.603721 0.064126 0.032934
0 0.703872 0.632806 0.067151 0.032934
0 0.703872 0.663601 0.061101 0.028657
0 0.706897 0.698674 0.067151 0.028657
0 0.704174 0.732891 0.055656 0.022669
0 0.701452 0.761548 0.067151 0.026946
0 0.700847 0.795338 0.061101 0.028657
0 0.704174 0.833618 0.072595 0.030796
0 0.453418 0.270103 0.061101 0.037211
0 0.454930 0.303892 0.064126 0.022669
0 0.451906 0.338109 0.058076 0.028657
0 0.451906 0.371899 0.058076 0.022669
0 0.450696 0.402695 0.055656 0.018392
0 0.448881 0.434987 0.064126 0.020530
0 0.448881 0.471129 0.058076 0.026946
0 0.448881 0.697605 0.058076 0.030796
0 0.450696 0.733747 0.049607 0.028657
0 0.451906 0.770103 0.058076 0.026946
0 0.450393 0.798760 0.061101 0.026946
0 0.445856 0.828700 0.058076 0.028657
0 0.209619 0.269889 0.075620 0.041061
0 0.206897 0.311163 0.070175 0.028657
0 0.209921 0.338965 0.070175 0.026946
0 0.207199 0.370188 0.075620 0.022669
0 0.204477 0.406116 0.070175 0.028657
0 0.201452 0.438195 0.064126 0.026946
0 0.203872 0.788281 0.058076 0.030796
0 0.198427 0.830624 0.064126 0.041061
