0 0.689353 0.274380 0.067151 0.037211
0 0.690865 0.309025 0.064126 0.028657
0 0.689353 0.342173 0.061101 0.024808
0 0.690865 0.375962 0.058076 0.030796
0 0.690865 0.411249 0.064126 0.026946
0 0.693890 0.447177 0.064126 0.028657
0 0.690865 0.478186 0.064126 0.024808
0 0.687840 0.513045 0.064126 0.028657
0 0.683908 0.542130 0.061101 0.028657
0 0.687840 0.577203 0.064126 0.028657
0 0.686630 0.609068 0.055656 0.030796
0 0.685420 0.644140 0.064126 0.030796
0 0.683908 0.669162 0.067151 0.026946
0 0.689353 0.703807 0.067151 0.022669
0 0.686328 0.738879 0.061101 0.026946
0 0.682093 0.776091 0.052632 0.026946
0 0.682396 0.806886 0.064126 0.022669
0 0.685420 0.839179 0.064126 0.024808
0 0.441924 0.277374 0.061101 0.022669
0 0.442831 0.310308 0.058076 0.026946
0 0.443436 0.348375 0.064126 0.028657
0 0.441924 0.377246 0.061101 0.024808
0 0.444646 0.414457 0.055656 0.024808
0 0.437084 0.445252 0.046582 0.024808
0 0.444344 0.477117 0.061101 0.018392
0 0.447368 0.514328 0.067151 0.022669
